35540,1
35234,1
263637,1
59353,1
41967,2
29687,5
6802,1
19711,5
16342,24
55341,3
24028,2
52864,3
28994,1
28996,5
57847,2
52862,7
131442,2
52191,1
28999,1
52869,1
20875,4
197035,1
27895,5
19397,2
262293,4
201725,3
262294,1
50648,2
50649,1
39108,1
51068,1
50643,3
7030,1
199398,1
39101,3
39102,3
42717,2
61204,1
56580,6
57605,1
52268,1
48264,1
51288,2
43873,2
262743,1
42459,4
43182,8
12705,323
262746,1
262745,1
12709,19
262749,8
262748,1
35432,4
262585,1
1651,1
35298,1
43373,1
131207,6
43478,7
4739,42
34714,1
6799,38
21230,6
60829,1
198715,2
20870,1
44050,1
132977,2
25668,23
51604,18
51607,1
201435,1
52008,4
57293,9
21104,4
21107,12
41842,2
262519,8
17658,1
60139,1
61944,1
4787,6
4657,15
55832,4
55831,4
61996,2
56830,10
27773,3
25441,1
56835,2
57160,1
197998,4
52944,1
59913,1
57613,1
262637,2
262635,1
28311,1
43053,1
46009,1
51116,2
25596,1
263024,2
2518,3
8308,1
30848,3
46004,17
39067,1
263026,3
57478,2
42081,2
52647,1
57474,2
28310,7
44492,1
42905,1
57470,1
63844,1
263020,3
52484,1
56401,1
57188,1
49568,1
52182,2
49565,2
39927,31
5486,8
47551,1
57180,2
32860,1
4812,321
43627,3
2510,2
41900,6
16814,8
41904,1
53231,1
49160,2
8913,1
9415,12
9416,245
14989,1
21299,38
11367,3
45113,6
196891,1
53022,15
12127,4
45117,80
48563,1
10143,13
132641,11
41349,3
20525,4
58678,17
197697,5
44247,11
39699,26
33470,1
28048,20
198496,1
9329,134
58079,6
14988,2
27996,1
27997,3
42832,1
49300,3
17726,19
42831,1
52730,1
24086,1587
52732,4
198498,1
38502,1
56936,3
58006,1
16923,1
41639,1
37004,1
37002,6
60646,2
48365,4
41232,5
48361,1
51069,8
42126,4
50357,4
42322,7
28103,1
41168,1
196673,3
10164,9
35442,1
41161,6
41160,1
41691,10
6805,1
41165,1
41164,3
48780,1
56783,1
58219,2
57871,1
29363,1
49944,1
34977,20
34974,13
34975,2
48416,1
262759,1
52731,1
48142,1
48411,1
58189,2
9186,1
10091,39
24651,4
3203,1
47954,1
10094,19
58762,1
21438,1
3209,35
48092,1
39553,1
9185,1
198541,6
48094,1
264359,1
264356,2
41585,1
199096,1
13056,55
56935,1
13055,4
2860,66
133232,27
8427,7
133234,4
52615,1
62423,1
133239,3
55453,3
198183,1
30325,1
52752,2
57723,3
197070,1
41560,8
41563,1
7676,1
197078,8
58328,1
17820,2
263331,1
262401,2
58691,5
62246,1
44376,1
17746,4
49835,1
262206,1
29562,7
20255,9
59583,1
263332,1
59587,27
1759,10
40961,5
51056,1
40749,2
34205,3
44429,3
15366,2
8163,147
8167,3061
29580,11
15440,1
31126,12
31127,2
263512,2
31122,1
47271,4
31692,13
35154,18
8410,1
24527,7
6576,1
52260,1
44556,1
56972,3
50094,10
33840,2
198144,1
28360,6
28361,4
28366,4
50258,3
28364,1
133278,1
28368,7
58074,1
39598,2
8764,31
34376,1
262740,10
47505,3
31234,4
39811,1
47814,1
680,1
29107,13
35530,3
39199,1
200001,1
8386,175
18047,1
8382,5
31345,3
262359,1
201603,2
51477,1
21921,1
42518,1
47321,4
262352,3
8014,21
34550,2
12872,6
7456,3
36790,1
27768,5
262950,2
12871,5
28188,1
28186,7
28187,1
27761,1
199836,9
28183,12
27765,1
53139,2
28968,3
35063,9
28218,1
7693,1
262827,2
262825,2
28964,3
28210,9
23126,1
23473,2
35205,1
31012,1
262311,2
196665,1
43266,6
52812,5
52814,3
10481,388
13728,2
262313,3
51279,3
42668,8
34602,14
50672,1
50671,1
50670,2
41736,2
12593,3
51273,12
58021,1
44733,1
56121,1
51277,1
197248,2
50071,1
24709,3
35843,2
262423,2
55025,1
51077,1
51074,41
42145,11
52259,1
32645,1
41522,1
59639,1
58254,1
12662,1
52251,4
197125,1
52257,1
59733,1
52255,3
6147,104
12714,175
12715,189
51511,1
262425,1
38571,1
48431,3
198948,2
50260,1
9875,1
52928,4
51943,1
6789,11
9872,2
43468,66
52926,1
4721,1
12946,7
39007,5
39001,12
198360,2
51612,7
27720,2
60831,1
17621,26
56048,6
17622,23
17625,13
51944,1
38256,3
56042,5
58949,2
56040,63
56041,30
56046,51
56047,3
57263,1
3741,53
4621,1
262861,1
42412,1
55806,1
41820,7
34190,1
41822,9
41823,1
51948,1
43994,1
25436,46
57661,1
14080,211
52892,1
262642,1
43687,2
48119,2
39309,2
262646,2
199048,3
59362,4
35576,1
51102,6
43045,1
38896,3
262868,1
39642,4
52978,2
28259,2
200174,1
52106,4
20880,1
9241,3
20738,2
16300,1
9534,28
9245,1
34048,1
49776,3
9246,5
43595,4
41911,6
63691,10
33097,1
13285,183
174,15
25549,11
23158,7
61836,1
4538,50
25521,2
47250,1
29491,1
38097,3
22631,1
42483,1
46650,2
200551,1
42487,4
263140,1
42484,1
10620,1108
38091,9
42337,12
53036,3
34421,1
36493,5
11979,4
44789,2
262509,2
30043,1
24093,1
41356,3
54562,4
36947,70
48226,4
11976,2
23934,1
52748,1
49040,1
10396,16
52952,1
27964,8
197447,1
52745,1
17754,44
52746,1
45780,2
198151,1
48748,2
13193,2
44651,3
62913,1
38511,3
13194,5
132923,4
53726,1
199319,3
39657,12
47438,5
8591,3
36487,1
21419,2
58347,1
62651,1
21418,2
14654,3
15874,5
198371,3
15704,6
9757,105
9756,26
9754,2
57889,2
57888,26
28181,3
48420,1
8371,6
48424,1
39770,1
39777,6
132939,1
30404,3
264379,1
263394,1
10085,1
3239,270
37309,1
13069,5
132933,8
133356,1
44257,2
61171,2
58000,1
44252,9
13272,1
8847,6
7048,1
41771,4
22200,2
15672,4
15673,9
59481,3
2878,44
56999,2
199113,1
18712,1
263347,1
48045,5
17839,46
59139,1
3356,22
58332,1
28514,2
27813,7
3352,350
133707,2
41007,1
133255,1
62259,1
29571,25
7065,2
196791,2
45899,10613
196797,9
58688,1
58689,2
33991,7
12015,2
33993,2
41682,9
41601,1
8570,43
34892,10
34894,1
34896,16
262634,4
262385,2
15457,2
31113,1
42844,1
31117,9
47203,5
31115,2
8151,2661
27877,1
24550,1
18313,16
262645,1
24554,24
24556,3
15605,1
50084,1
8477,3
11758,1
262901,1
1547,3
34093,3
34092,8
47686,4
262769,1
262907,1
262906,1
50710,35
28355,3
31593,8
28352,3
50716,3
11116,1
29974,2
29975,7
8712,1
29119,35
47516,3
34304,4
52808,1
31208,8
31207,1
31205,9
31204,7
31203,6
29979,1
31200,17
50880,1
262346,2
12685,1
262344,3
262342,2
262341,3
50887,1
15311,70
61684,4
15165,1
197270,1
48940,8
12829,8
9988,1
197275,12
47333,1
197278,1
263686,5
34525,1
34524,6
9981,88
11025,1
44927,2
44924,2
48321,1
6568,80
31983,1
50403,1
61750,1
5610,43
61753,1
5617,608
31720,2
5615,1
39938,5
28229,1
263520,2
263521,5
263522,1
38162,1
57869,1
262834,1
28220,68
263528,1
19108,21
28225,4
262832,7
197235,1
17924,2
197849,1
199738,1
5713,2
15886,1
35213,3
132559,1
8445,2
8447,10
34630,18
52804,1
39501,108
11562,23
8448,4
22394,491
47028,1
57479,1
38193,2
60936,1
13999,105
49603,10
201705,1
197300,2
35320,5
31376,7
28647,1
56983,1
50060,2
31370,4
55740,37
50916,3
51592,5
28649,31
5009,1
197897,8
199732,2
16129,1
47849,1
32281,1
199735,1
51917,1
35745,7
200031,1
9158,1
39232,15
263611,1
48712,4
35450,3
28198,1
34547,3
35457,4
59169,1
57826,1
12406,11
51624,1
56868,2
52938,3
4750,4
35805,52
52935,3
23860,4
4755,14
131267,33
56690,1
16010,5
55636,1
39015,1
61939,1
9962,1
24602,3
16019,3
11290,4
56456,1
56451,1
5381,1
17633,28
56676,4
8928,2
25132,1
25133,17
21127,26
17638,22
17639,8
24951,1
25139,8
57270,2
38987,1
38984,1
62446,1
31059,2
55814,2
16230,3
4638,462
16235,1
16234,1
52035,1
262659,13
42030,1
42036,1
263600,1
262651,7
262650,4
42038,7
57679,5
51579,2
12035,5
17426,3
51133,4
43038,3
43529,10
52242,2
11581,10
44030,1
262973,2
51399,5
196925,1
46208,4
196927,1
53194,7
196921,1
52115,1
9500,13
30793,5
9506,146
53199,1
57424,1
16345,17
32107,2
200094,1
41965,3
16340,11
30873,10
41966,1
21782,1
21632,1
60791,1
13296,1
17293,3
61826,3
4761,3
61825,1
61820,2
47104,1
198735,1
45469,1
4837,4891
7992,7
42498,5
2519,4
52026,4
36728,2
2514,1
43310,1
2516,34
42490,2
43148,4
57076,2
42493,1
49327,2
29329,4
49893,1
41368,3
134419,41
35645,3
36958,2
48239,3
62409,1
198888,1
18618,1
41360,11
13184,5
46687,1
21256,1
61034,1
57093,3
41881,1
198984,1
27976,3
52753,6
5056,38
13188,121
17747,5
40545,1
61380,1
53144,2
30822,4
31452,2
16904,2
30764,4
43319,1
48302,1
263432,3
42927,3
42922,1
8636,5
48309,12
21294,1
58237,1
44682,2
48437,2
52974,1
44686,1
44685,3
52602,1
132497,3
196953,1
48438,1
14868,123
59637,8
9762,21
38623,126
48128,5
49689,1
57899,2
57896,1
9769,1
57890,2
62312,1
21413,1
21412,11
24176,1
21415,7
39475,2
3225,24
39766,3
9299,331
30432,3
39762,1
52846,1
199560,1
9557,2
59527,1
803,10
44228,1
43609,1
44300,1
15600,2
41789,12
17210,1
54198,3
49461,4
264404,1
41786,12
52950,1
30055,5
41782,2
3320,59
59461,1
40098,1
41540,1
28506,2
56541,2
27800,1
55666,1
3329,70
58309,8
28509,21
10219,4
15500,150
8251,2
49465,1
45884,2
262848,5
31343,29
45661,8
263383,2
33983,10
19422,1
262399,1
23923,2
30500,1
263260,2
41148,2
197402,1
15930,2
39120,58
15935,2
34083,7
47232,5
50776,3
9830,3
58424,2
18168,48
38285,23
24547,2
30295,1
19037,4
39377,4
39375,5
20956,1
16181,1
40788,2
31588,4
28349,16
29125,1
29124,11
39578,4
41918,1
14463,12
58543,45
28343,3
31585,5
39573,6
29128,2
263357,2
31219,1
42839,2
263353,1
263352,1
39574,3
15599,1
47526,4
31213,36
31214,13
30619,5
132085,28
31566,1
262333,3
262330,5
47656,2
262336,5
23674,31
56869,2
23679,11
35047,7
49261,3
47659,24
52369,4
17853,3
50181,4
5607,160
61887,1
5603,33
9323,2
48939,2
34533,26
48641,1
51456,1
44912,3
50473,6
52286,1
50477,5
44914,11
21565,8
28239,1
57875,1
262808,24
262809,5
6706,2
35132,1
263537,1
46867,1
31102,6
199853,1
263539,2
262805,1
61806,2
35598,8
3816,18420
262489,1
61785,2
263009,2
35261,4
61888,6
41861,2
61036,40
262481,21
262482,3
39397,2
50989,4
43203,1
26546,1
43201,1
52296,1
8452,794
262248,1
52838,8
52836,1
22381,3
29046,1
34629,4
60929,2
39155,2
8708,2153
51052,32
60920,4
59498,1
11351,35
32808,2
6429,22
41114,4
35862,1
23383,22
23857,1
28652,14
28653,1
56534,2
28651,5
51582,10
7543,4
39399,2
7545,199
28658,68
35680,4
49880,1
197315,1
51904,2
16135,31
25706,1
16130,1
262798,1
35664,2
35662,1
12730,20
132783,1
262793,1
12735,166
26421,1
13857,1
60815,2
52909,1
263349,4
60810,1
201406,2
131090,199
6768,2
52903,1
38972,3
52901,2
43443,3
10993,1
52905,1
52904,1
393524,1
9976,163
24612,50
16007,1
9971,26
42641,1
39028,2
262895,1
56441,4
16735,40
198479,2
52349,2
25144,35
17608,536
52344,3
24945,4
60496,55
262664,10
41330,4
47513,1
199008,3
25381,1
4609,194
22724,4
16223,2
55862,20
262668,11
13512,11
24143,2
43557,5
262820,1
199020,7
133854,1
49060,1
43530,13
4007,6
196735,5
199026,1
42555,11
48243,3
4713,55
42003,2
60775,1
262468,5
42000,1
52233,5
52232,10
35378,2
198640,2
43022,4
51515,4
36920,9
6697,219
51121,4
60784,9
53181,5
53182,1
53184,3
53185,2
60782,1
50272,1
262765,1
50186,6
49558,1
48471,1
11796,1
39822,3
16353,2
41974,1
51451,1
59616,2
17511,3
12764,4
45224,1
45410,1
61811,1
45415,20
49377,2
25099,2
16116,3
4515,8
51927,2
56064,4
43153,1
43150,1
37385,1
42313,54
49151,1
37069,6
49154,2
42314,2
62412,3
49883,1
36969,1
17771,11
48203,1
15713,6
201109,1
10175,739
52769,5
52768,6
52565,14
20668,3
52561,3
44010,1
46690,2
9198,67
35413,1
27947,37
56268,7
52015,1
8999,1
3786,429
35911,1
60471,4
48327,3
8990,9
28233,2
8997,662
57427,1
41209,1
197218,1
42776,2
45528,86
42773,1
42959,4
199370,1
198774,2
40984,1
48331,1
48330,7
48117,5
44851,4
20911,8
20910,6
20912,1
44124,2
42387,5
18881,5810
44692,3
37693,1
48683,2
38616,39
50577,12
9770,49
38611,1
48688,1
8866,97
7303,441
14265,2
198930,1
25145,2
24164,53
24165,11
3253,4
3254,2
3255,58
59686,1
24163,16
133331,1
199572,1
198518,2
11915,1
41371,1
49102,6
36100,1
812,25
18429,7
198517,2
28338,1
49785,2
57136,2
15614,1
264148,2
53131,2
264417,3
44341,2
33887,2
2854,3
33885,4
2856,100
27833,26
48998,2
27831,1
27837,3
53160,8
5466,36
44419,1
27839,40
41557,26
7049,10
61716,1
14188,1
62238,2
57936,2
48597,1
48595,1
264096,2
32694,3
50804,2
197645,1
39741,5
10199,35
198426,1
198356,4
198357,2
36610,14
18390,8
29283,1
37214,1
50771,1
29286,5
198429,4
197112,1
30778,1
15929,1
263038,1
31314,1
15924,1
8511,1
15926,5
6983,1
8607,1
263031,1
21088,2
50266,1
33951,6
26725,18
263405,1
26727,1
47594,1
11139,59
61786,8
17981,1
132519,1
39569,8
33823,3
25505,1
42335,1
15582,21
553,1
198859,1
34984,1004
47530,1
47531,6
15589,10
8732,18
35263,1
41421,1
61712,1
262320,4
262323,5
34056,1
262324,3
262327,8
31554,1
8048,502
19447,2
50864,1
31558,1
17976,1
31000,5
12849,40
27717,5
49508,2
19518,1
12842,1
12846,21
197251,1
12844,21
262610,1
28241,17
50463,11
47796,12
28245,4
31484,3
28246,1
6503,160
26615,15
26617,2
47798,1
51078,1
28719,358
264353,1
35122,5
34188,1
43513,1
35125,8
39493,13
34180,1
34187,40
43207,1
55492,1
262498,2
262493,4
23487,8
35271,4
262497,8
202141,2
262495,3
262494,2
8462,27
52829,15
42811,1
34610,18
59203,1
56050,2
50993,3
43235,1
43234,13
23242,2
23243,1
24757,18
8193,2
22566,2
30975,2
19114,3
24751,10
24750,2
262210,1
50685,1
50682,1
52694,1
35699,1
28661,4
23314,1
28665,13
58303,5
7552,3292
28669,6
28884,5
50512,7
35695,1
28881,1
46941,5
39785,3
262784,12
53080,1
35475,2
25933,2
8025,1
132477,1
262789,1
262788,1
45706,2
49037,1
52916,3
4775,19
4773,22
4771,68
32580,1
131249,2
57634,1
56708,1
51428,5
60860,1
47589,6
6752,18
43302,1
57617,1
201167,4
35584,2
9943,1357
9946,18
24626,7
25620,237
58321,2
51336,6
35588,4
39032,3
197401,2
25403,2
44417,1
25405,215
25406,2
197400,1
25408,21
197311,1
52354,8
25159,36
52352,28
43940,3
52350,2
22759,1
262671,3
55879,6
262676,4
12056,1
25398,6
42781,56
48739,1
262474,1
12695,17
56785,1
61694,3
42548,41
28657,4
42546,2
43548,3
9277,9
262478,8
131331,1
42017,1
43831,3
51158,5
48078,2
48347,1
51151,3
31364,1
52228,38
51155,1
10838,1
51157,1
17506,1
17501,17
49527,1
45942,2
21404,2
49528,2
24444,16
45284,1
196901,3
52175,1
55003,1
262708,1
57357,2
49195,2
9927,10
62921,1
39256,1
263124,1
18103,1
42305,2
197288,1
42395,1
198537,2
49897,2
29637,1
25086,8
16698,1
57418,1
52541,1
52669,4
56099,2
50503,1
263778,1
52592,1
52593,1
17184,4
201218,1
27955,6
17762,96
2711,2
199744,1
27951,10
27925,15
27953,8
9365,1
57320,1
62422,1
57333,5
31608,10
52576,1
49626,1
52574,1
21277,5
49185,10
52571,3
39816,1
39817,1
39812,11
52549,3
10697,7
53086,2
52548,2
60447,2
199341,3
16960,5
28554,2
3790,3
53097,1
42766,2
52685,1
52687,2
52680,1
134238,43
2152,1
45539,6
12271,76
57439,1
48322,1
48323,19
52689,2
41897,4
60459,1
48452,5
53224,2
198187,6
20453,5
5384,3
58966,1
58965,4
53222,2
30890,5
11835,12
54203,9
45758,47
201249,1
9341,1
48696,11
48698,1
41929,9
49980,2
49455,13
49986,2
49985,3
49984,16
21479,147
8870,4
3249,2
39709,1
8877,11
41096,4
3243,153
49994,1
13095,1
39707,2
3245,7
13091,1
36974,1
45335,7
41302,4
12301,98
40676,2
48212,3
44208,12
13257,4
44203,2
198504,4
132088,15
33548,1
199358,1
24641,1
31286,15
264420,2
15626,1
198235,2
264137,4
264426,6
262289,1
58369,2
22423,3
59782,1
7616,1
59784,1
3308,2
20299,26
56889,1
3302,5
3303,8
55536,1
3301,54
53135,1
57034,2
263510,3
42523,7
57332,1
9381,51
21502,34
48584,2
20057,184
52145,5
52572,1
12499,6
35267,1
6167,4
31695,1
61668,2
15958,1
61945,2
197467,1
263028,1
201150,1
34040,2
18187,1
6315,1
1136,22
18182,123
50211,3
33947,1
53058,1
41631,11
262989,2
42613,2
24560,3147
59566,1
59567,7
7782,2
13490,2
48072,1
59497,1
58766,7
48494,2
44941,7
17975,1
17974,2334
43294,1
27696,6
58768,1
39554,4
33894,8
133275,18
44375,7
44943,2
20436,1
29386,1
29385,2
263336,1
263339,5
34995,1
29436,2
34990,2
34337,2
34047,2
132051,1
12874,129
35787,2
31549,30
1221,112
34518,5
31017,2
23655,3
47678,1
262310,1
5391,2
262312,1
23650,2
43786,3
15557,127
6535,69
15003,2
52822,1
50467,1
15552,1
27724,17
45766,3
28252,1
50606,4
28251,1
25155,1
28257,1
31494,1
28255,21
11014,36
28258,13
31499,6
7497,4
59365,1
8615,37
31163,2
47253,3
28093,8
31167,1
49183,5
8612,27
263517,2
47258,1
17883,45
17882,6
17884,1
29657,2
55644,1
43637,1
44266,2
56448,2
8881,1
61016,2
36001,1
262268,1
197336,1
197335,1
21017,19
24435,2
49749,4
34605,3
262262,4
8470,1
8473,43
23724,21
51032,12
6400,1031
7565,1
7562,70
44800,5
51034,20
51035,4
48863,6
12479,105
132453,18
35228,7
9387,2
31388,1
61308,1
28890,14
61651,1
35804,8
35807,36
51436,1
57798,3
60304,1
21437,1
43314,7
4760,422
52963,5
35640,1
4765,2
262855,2
52967,2
4766,7479
4768,23
20500,7
52348,2
56466,9
60871,12
45458,3
28598,11
36996,1
52637,4
28716,1
56468,1
15962,7
45648,1
26451,1
39049,1
13174,1
30733,1
48978,1
24947,1
59473,2
15964,3
39043,10
39042,3
39045,6
24631,15
39047,5
32040,2
201194,3
51812,5
51813,3
33763,1
47507,2
60273,4
209,90
51819,5
29061,1
52367,3
52263,4
12042,2
16591,1
22749,1
47116,1
42541,2
28590,4
38976,4
262687,5
262685,13
262682,1
262683,1
262680,25
262681,1
262440,3
21889,3
12683,26
262444,1
43005,15
25386,3
12688,8
42571,8
55693,1
22047,590
199005,1
42574,2
47342,1
61275,3
43793,2
56264,2
262285,2
56487,4
51146,1
37342,3
31463,1
30768,1
49531,2
39442,9
17577,7
53169,1
53167,5
15146,25
262663,1
53162,1
20845,87
198539,2
41046,2
42683,15
42682,33
27193,1
41950,1
46303,2
41953,2
262462,4
41957,1
42371,1
61878,3
2527,9
11664,53
199173,2
42374,1
42377,1
20590,1
51836,2
61873,1
61872,1
2529,2
41310,1
262669,30
24964,29
24960,1
43179,4
57227,15
56089,33
199451,1
58022,2
199021,1
50487,1
197405,2
41314,3
27927,41
27926,2
197554,1
27928,3
34123,2
52781,6
57354,1
52783,6
57356,1
53213,1
53098,1
38553,1
50482,3
9177,1
53093,9
25206,3
21267,2
49190,2
21261,3
49620,2
39824,2
25184,2
262460,2
42195,1
262461,4
60453,3
42753,2
52879,1
24186,13
42754,18
42205,3
36290,2
42975,15
44217,2
36295,1
18747,16
45763,3
44566,3
20931,1
5390,3
5396,2
39906,1
62323,2
48467,2
45769,65
48464,1
41101,2
53238,1
45980,1
39737,5
3277,1
39735,5
263515,1
58158,1
20115,127
48667,1
24033,2
43273,4
42998,1
6807,1
14232,1
22995,2
262353,1
41084,1
44581,134
133481,11
264539,1
50126,4
58800,1
41313,2
36903,535
58805,1
12310,8
28217,1
44212,2
18403,9835
13227,1
13226,3
15638,2
27680,2
34634,1
44563,7
17402,1
61665,1
132996,2
12912,12
133469,3
198247,2
30466,1
38701,1
38700,1
51547,2
196758,1
52995,1
27851,1
10225,7
7029,40
5484,15
5483,393
196753,4
9009,2
48006,6
57233,1
57912,2
9394,140
34858,3
34857,2
39608,14
26919,1
56209,129
198401,5
44106,1
15836,10
133001,11
133000,2
198408,1
12400,41
263116,1
263018,1
34296,58
34295,61
35389,3
48160,3
18199,1
18196,14
202087,2
15941,4
17799,1
52699,1
48956,1
41624,4
48711,7
262731,1
50204,1
39543,9
262221,1
20626,2
7590,3
59515,2
7794,2
48257,2
6300,2
26619,1
47800,2
52040,1
44787,2
8492,9
62104,1
33780,1
7155,41
49658,1
17962,29
12129,1
48004,6
33576,14
31514,22
37650,1
49124,1
263656,8
52531,1
29396,1
29933,1
263652,3
262469,1
31029,6
31028,6
39271,1
262828,5
263470,1
197628,1
31531,1
264362,2
262301,1
28219,8
47660,1
263478,2
49120,3
27738,13
48909,3
57910,1
15542,2
18004,2
28745,7
132516,4
262962,2
8267,1
5650,22
48907,1
53186,2
50449,6
262877,2
44963,10
28265,3
11062,1
28263,8
44967,1
28260,15
8661,27
29648,5
29649,15
53207,1
15491,19
5602,1
34456,23
38121,21
38120,13
132199,14
35104,9
17897,1
17813,675
17895,1
28285,2
28284,11
28287,28
28281,140
28280,1
262271,1
34279,4
28288,2
263626,1
3737,5
20539,1
49891,1
197345,2
8400,616
8401,1
8402,60
49849,3
48878,2
51792,2
34676,1
44816,2
44814,8
50530,5
197181,5
51009,1
30955,2
51004,5
50538,3
51002,8
6412,26
35074,3
36930,2
263276,4
41034,3
263270,1
55330,4
50022,4
35810,6
35816,19
50027,1
35815,7
57100,1
61460,2
61461,1
47997,1
42556,1
198709,3
61469,1
52972,7
52973,2
47114,2
28840,86
34700,10
34703,4
47111,2
35654,3
6739,155
11492,11
52979,2
14288,4
47118,2
47119,2
263433,1
264230,1
44981,1
28111,2
50153,3
52874,1
197298,2
32922,1
45650,1
9924,190
43261,4
55850,2
55507,1
22773,71
8334,10
55501,3
41877,1
32709,1
31246,1
25174,2
56634,1
25176,3
44982,1
52819,1
47568,1
262699,9
262698,2
28820,4
25374,17
262696,1
262691,3
42569,3
55699,4
38669,16
39582,4
6648,456
44313,1
43568,23
43567,3
262456,11
43564,2
38283,1
12670,3
43561,37
52955,3
16160,3
43769,1
43819,1
15943,3
51959,2
43764,7
56527,2
56526,2
52207,2
56747,2
53158,2
24829,1
6181,13
57128,1
50676,2
53153,3
53152,5
24827,5
49056,1
49502,2
24822,9
42690,10
199945,2
199296,3
18059,1
4565,1
25512,3
25513,191
19863,8
25511,3
60907,2
42362,68
45429,47
9422,1
34526,1
43451,4
264138,1
42368,8
39546,2
12788,1
52371,1
33977,2
43103,3
53110,2
43106,1
39834,1
2727,1
263431,1
45194,101
39831,6
27934,1
200755,1
57342,2
56433,5
52794,1
17785,43
20714,1
49332,2
57344,2
9498,72
52559,1
16413,2
21211,1
9143,33
263084,4
9146,35
200059,1
16948,1
45514,2
60428,1
61914,3
33871,2
45510,6
12252,9
61910,2
42189,3
13306,9
21183,9
42183,1
61918,3
41744,1
20619,1
196851,1
42748,3
12963,1
20852,2
43612,24
48573,1
42961,46
33875,1
9543,1
9541,20
48478,2
48479,5
14828,14
2607,3
20928,16
48480,1
45774,27
45775,1
53209,2
262186,9
48475,6
41435,5
58906,3
3261,3
62257,1
133774,1
21453,27
58121,2
39726,1
39728,7
38019,1
10037,5
10036,754
24139,5
30784,4
21246,231
198520,2
3462,6796
198525,3
36137,1
31716,3
7377,1
60738,3
36912,1
12322,573
48271,5
45356,1
48274,4
41984,1
45609,227
13230,3
48279,2
43966,2
17964,12
44775,9
198259,3
44552,5
36959,1
33363,117
56391,1
61874,1
38011,1
59162,13
44006,1
59164,3
26860,1
38712,2
38713,4
38710,16
196749,4
7018,164
49722,1
59766,9
9038,40
263493,4
196740,2
27845,23
49872,1
36925,3
44484,1
23887,1
29255,6
21497,1
24896,1
39611,2
39612,1
34841,4
11814,61
13127,9
11816,8
33701,1
15808,5
44627,1
52603,2
15802,50
198411,1
15153,1
264431,2
263436,3
42714,1
9824,13
62825,1
6886,1
59508,4
42174,1
24342,3
263305,1
59502,4
50232,1
15798,1
62178,1
47873,3
263655,1
23947,1
44739,3
197766,1
53236,1
24154,1
264114,1
264443,1
52960,1
264117,1
264111,1
47286,1
59989,1
44395,218
133297,1
263646,1
44391,19
263316,1
263314,9
262999,9
30036,13
262992,3
262993,7
23100,2
34060,6
23106,21
44957,4
47588,4
60777,1
39289,27
39288,1
8273,3
57396,3
13868,1
263473,3
133272,1
62006,3
39449,2
262849,6
28270,39
28271,1
28272,3
262847,1
50306,1
28276,6
28277,1
31148,35
29074,2
15975,5
15974,5
263003,1
30722,24
8675,21
29072,3
38133,7
47275,2
34449,48
47273,2
35177,2
38134,12
47270,2
262300,3
50949,6
6332,77
49719,2
23872,2
8595,4
50498,5
28026,1
50942,1
51788,2
197350,1
23584,54
44412,1
41201,1
262690,4
34661,32
51784,8
42676,16
131740,5
51018,6
197192,1
27695,174
50542,10
44827,2
50544,6
9808,267
196961,1
51011,4
51012,1
23893,1
132435,6
17573,9
15377,28
35000,2
28618,9
10835,4
35004,4
263265,1
50780,1
17623,16
263269,3
41207,3
52927,1
50789,2
28615,27
7459,1
47379,1
22501,2
7482,15
264398,1
262434,2
45015,8
15461,2
43370,2
34715,1
43376,2
262437,1
4788,1125
35621,14
58224,11
7011,1
131293,9
34718,2
4780,295
56402,32
39065,14
132515,1
56654,1
50938,2
56404,3
12494,9
11260,7
51308,1
16066,3
39264,8
50161,2
262197,22
198056,2
9931,8
9930,24
32448,1
41123,1
22186,2
9934,2
56628,3
53180,2
38951,4
55535,2
56622,2
14178,3
39339,1
42511,3
42510,3
35531,27
42514,2
35533,1
7557,2
25853,1
25341,1
198050,2
35539,9
12066,4
23969,102
28302,1
12668,4
51167,1
262422,1
43571,1
262420,4
6653,1
262427,8
262424,3
23966,5
52898,1
51947,1
57988,3
31036,4
43802,8
16179,2
35352,1
14543,1
15723,4
43658,2
28264,1
52419,2
49048,13
43591,2
17557,1
49044,1
24835,33
17552,1148
52413,6
17222,6
61856,3
263133,1
61854,1
61853,1
199284,1
25534,2
6389,18
45804,14
61859,2
56766,1
17806,3
262734,8
42429,3
262730,1
34450,3
42355,2
56823,2
262738,2
29355,3
60182,3
52300,1
43118,2
47241,9
56330,7
21334,2
12792,3
52308,2
43110,3
57204,1
262544,1
31628,2
9155,39
49605,1
59958,2
8647,2
29165,3
39718,4
197423,9
57261,4
58002,1
47245,2
20623,12
197426,4
27901,5
2764,10
35100,1
201826,1
61696,1
17421,4
52524,17
52527,3
9484,12
61923,1
12241,8
28066,1
61927,2
51396,1
262974,2
61929,1
21191,8
13337,2
42739,4
49289,5
196957,1
12083,15
53142,9
53143,20
8586,1
42735,3
42226,1
6079,13
9556,1
62343,3
134009,4
34584,3
264104,2
9737,80
34771,3
45701,1
263103,3
134000,3
57547,1
20485,25
20484,2
51629,4
21442,3
52631,4
52630,2
44303,1
10029,46
48643,1
48642,13
10796,67
16246,1
3292,42
1901,1
855,1
16715,1
33623,2
28283,1
852,28
133660,2
198081,2
31689,1
8369,39
12338,14
262575,1
12334,42
45365,30
25124,1
36923,9
12332,14
57378,10
58350,1
57588,2
28155,1
41516,1
18209,20
18207,210
44546,9
44540,1
37381,1
27879,18
197602,3
9028,5
20001,66
20552,1
262721,5
31323,1
29084,52
13249,1
196776,1
196777,4
39669,5
41190,2
37705,30
197343,4
57970,1
44498,5
53195,1
41199,2
34875,476
49863,1
13110,19
14813,2
133706,2
37098,4
50809,2
13119,2
13118,33
41798,1
22884,18
198397,1
132882,4
201844,1
59533,5
201661,2
42432,10
34277,3
48873,1
132220,4
48822,2
201744,1
48730,4
39526,5
15785,1
264589,1
58597,1
202220,2
39529,2
197348,2
18334,28
29405,4
57800,5
57803,1
45944,2
38031,3
58757,2
199550,1
264103,2
264100,1
198263,6
44387,6
41794,1
44380,1
263677,7
31287,15
197184,6
264164,2
263108,1
132080,1
264411,2
263104,1
46408,1
262985,1
12883,3
12880,496
262986,2
18027,1
50316,2
28163,1
44945,2
50312,3
24936,1
62430,1
278,2
56667,2
39297,3
48063,1
62015,1
263586,2
29667,39
57221,1
262546,1
262851,3
262856,3
38109,9
262854,3
263073,24
12418,16
41496,31
29062,1
263074,1
263075,7
28591,1
15969,1
47914,7
28594,2
31605,1
8641,4
23752,1
23201,192
23750,1
8422,2
34120,3
50958,2
17435,1
35706,4
28917,8
10201,8
50368,1
50481,3
34659,1
39184,24
34494,1
31191,1
263450,1
31195,3
262463,1
197364,1
39566,1
3339,2
20731,3
49674,1
59249,2
38235,6
50550,7
28624,15
50004,10
262322,1
28620,3
9832,3
50009,10
6471,146
51570,13
30936,7
5588,15
51574,1
31042,94
38199,1
38127,1
263299,1
263296,1
263297,1
23118,1
53047,1
31435,3
44309,1
49773,1
12314,1
61116,1
197484,5
50928,2
51973,2
133293,2
34723,3
8331,2
51685,1
42935,1
11272,4
262505,6
52951,10
6714,22
262506,2
6712,18
6713,53
43341,3
53147,1
262367,1
9905,1
23688,3
12530,4
4434,1
35773,2
201328,1
4134,14782
50029,1
23682,36
13106,2
16700,1
39277,8
28131,2
28130,2
28137,1
39273,6
28135,1
13489,1399
262189,1
28139,8
28769,3
37184,3
59325,2
25540,10
47640,1
25355,3
25543,7
60884,1
27699,3193
55526,2
52690,1
35527,1
35226,2
263057,1
35520,1
198602,1
16094,1
22457,1
132774,1
201952,1
51199,1
35498,1
6662,1
6663,6
262433,1
131178,68
23974,1
51903,1
22080,8
52888,1
22085,29
56503,1
61284,3
57361,1
13292,1
19662,1
51202,2
19515,1
25531,1
56761,3
25533,2
16323,3
16322,221
16321,1
61834,1
52402,4
4670,1
56981,3
17547,8
9822,2
51997,2
196938,1
61844,5
51990,1
18192,1
51992,1
4540,1
21056,2
199226,1
262725,10
6730,1
262727,3
43124,1
199128,7
262720,11
43120,7
57582,1
57583,2
262729,14
42430,2
42431,4
56341,2
56340,1
43903,2
2379,8
56347,6
56610,2
57746,1
57747,1
57214,1
46375,2
9121,7305
47996,1
17430,4
9125,5
198896,2
9127,1
45176,2
9129,2
20632,6
61838,1
16433,6
43369,1
60405,1
52539,1
20904,2
25229,66
4795,2
201819,1
25227,1
60159,1
52537,3
30779,4
198721,5
43633,2
61938,1
41858,2
42232,5
199380,4
41854,18
41851,4
42239,12
41852,14
2118,5
2119,30
53133,1
53132,2
15747,5
57101,15
263420,1
2110,4
42339,3
20838,1
43087,1
199634,2
263423,1
2116,40
48654,4
199413,4
52031,1
56559,1
62374,1
49491,2
60966,1
9583,22
52624,3
27298,1
49255,1
10013,3
21309,1
15493,8
9230,11
196949,1
1916,1
38457,25
38456,1
59572,1
59478,2
49381,2
61655,1
199250,2
262283,1
49389,1
2828,2
45372,1
45374,261
36423,91
36937,41
196767,1
45007,3
44028,2
14978,1
14979,7
27866,41
18233,1
54665,1
44021,4
14793,1
44027,16
59749,2
196768,6
57304,2
10474,31
34867,10
20764,1
20015,2
8426,1
14159,1
9050,1129
9051,7
38733,9
14152,1
58610,3
21228,4
25880,1
29278,3
198380,1
57962,1
39673,9
57960,1
10155,2
57964,2
49816,6
33762,7
8926,509
44629,1
58297,4
33765,6
133727,1
133724,2
44626,2
37061,2
9444,1
37063,1
133721,1
37284,1
26793,1
59523,2
39407,2
34268,7
197031,1
41305,1
34267,8
34263,1
48659,3
24323,9
38026,1
29182,4
50025,1
29187,1
262309,1
15774,13
6866,48
5438,2
41676,7
263667,2
49924,1
263665,1
57812,2
45954,16
58725,2
31725,8
31726,14
263668,1
1680,138
16020,1
47345,1
33588,7
62040,1
198279,1
18780,1
264463,1
31291,5
52932,1
8249,11
197967,1
263114,4
28736,2
1267,403
263110,5
263112,2
264486,4
41704,20
50362,8
50367,1
58067,3
15510,1
24492,2
41709,5
30836,4
8753,2
31615,1
38805,4
197015,3
17849,67
38115,1
263596,3
29695,1
49701,1
15683,2
17846,12
44895,3
58438,21
262888,1
39464,4
29050,3
37110,5
263067,1
25076,1
28580,21
47927,1
28587,1
34467,1
262880,1
34137,45
60563,1
47707,4
34645,3
28908,17
28909,3
8439,10
262889,3
35731,1
262220,4
60711,3
34139,19
12436,15
13213,1
6910,308
51561,1
48828,1
13926,6
2,1
9829,5714
15428,9
23563,31
4230,50
5591,30
199859,1
5593,1
28634,27
33796,1
48481,1
197175,2
34248,14
44843,1
50564,1
44844,1
27672,4
31500,1
31501,1
9851,1
38209,6
23167,1
31507,1
42560,15
50767,7
38207,7
38200,1
60336,1
7727,10
61439,1
50584,2
22561,30
50581,10
43822,1
60681,1
13693,13
262753,7
45334,5
47148,8
47645,4
12177,3
6700,13
6703,64
28359,1
31556,3
56428,2
32953,4
201332,2
24588,1
50868,1
57990,4
9916,5
56420,2
39084,1
39087,1
8047,1
6128,211
27789,3
19842,1
39247,2
55424,155
55427,1
28124,2
28126,53
39248,3
23668,1
27787,2
36907,11
38932,7
131210,2
9313,2
38934,5
60895,1
43406,1
22781,3
262404,11
35512,7
35511,7
262595,4
35516,8
12642,1
28132,1
16082,1
50289,3
16086,8
23949,2
262159,6
43754,89
56515,7
24783,1
12345,1
36935,4
197394,1
51159,1
197392,1
51960,2
32391,1
51214,1
12346,2
16157,2
14608,2
59744,2
16333,21
56779,2
21042,1
52432,3
21826,489
52436,1
52435,2
41070,4
9145,2
52638,1
43132,17
23092,1
62347,1
2561,1
43139,9
42401,1
56352,1
33616,2
52981,3
52980,1
197159,2
56354,11
52327,2
52326,1
24923,3
52323,1
57776,3
11427,72
11426,34
10318,816
262817,1
2585,1
7922,752
42396,8
39869,5
14522,25
45143,19
133124,1
53054,3
19310,1
53052,2
53050,3
39860,2
60146,1
56525,1
17682,1
34352,1
47790,2
38841,99
38845,1
61949,4
4685,7
42244,1
13591,10
57489,3
42248,16
61943,1
5578,4
45543,397
41843,12
41841,3
53122,21
53123,3
61637,1
24810,2
24811,5
24812,7
50159,3
20806,8
6057,684
20804,6
60098,7
49403,7
58256,6
48626,1
58118,1
50810,9
49483,1
26611,1
52613,2
50625,3
56814,1
49718,7
37475,13
9595,3
49717,1
17069,1
52618,3
21310,12
21312,5
57699,1
44702,14
50299,3
56974,1
14155,1
17597,6
58331,1
60705,2
60706,1
17598,50
27262,1
263070,2
198668,1
198669,1
42667,4
42666,2
199715,1
200043,1
4725,1
12353,56
57397,5
4847,51
12357,74
262150,1
44528,4
28328,3
198048,5
10269,10
47223,4
54614,9
44525,3
39647,1
42864,1
49664,1
52363,1
34814,1
42863,4
42862,1
10088,4
48289,1
11992,1
58601,2
21559,16
49800,29
24739,21
198448,1
3549,25
28906,1
28323,1
40244,1
13178,7
41440,311
41447,1
57963,3
18530,1
13170,1
11845,3
11844,4
18822,45
37073,1
20978,6
18310,29
18647,1
44454,1
33934,164
199475,1
29866,4
37308,7
34251,2
198825,9
15164,1
31304,4
49380,1
34254,2
17923,50
29190,16
50712,2
34359,11
29194,10
196629,1
6877,130
6876,117
41661,13
30600,1
6871,47
62386,1
197718,3
39613,1
25106,3
263617,4
29465,1
29469,2
47844,3
62388,1
44034,3
264479,1
264478,2
40005,1
13000,11
44032,11
262492,9
264473,1
264472,4
25515,54
264477,3
18229,10
38144,1
263446,1
263439,2
132556,11
56710,1
8226,1
8228,23
3801,2
45326,7
8920,2
31261,4
57873,1
23841,1
263413,3
132390,7
41710,1
43709,1
15502,17
59463,7
23481,2
18001,4
18002,93
20207,37
15699,1
17858,191
197002,1
17857,22
17854,32
37133,1
197009,4
7602,88
52780,3
47447,1
29049,8
29518,41
43555,3
263726,1
263056,1
13103,1
29512,1
61860,1
263348,1
263544,1
263541,1
23772,7
262230,1
262893,1
17766,1
263548,1
262234,11
30910,2
50821,2
8680,1
15435,2
15344,1
15433,1
23578,7
5769,34
48830,1
51518,1
48832,18
8468,1
52116,4
26794,1
12586,1
22765,1
50037,2
15180,1
27669,3
197140,1
50174,1
27664,1
27665,49
50574,2
133954,1
5563,10
1257,18
28481,17
7738,3382
47624,3
34754,1
47452,2
28335,7
42583,2
35032,4
28331,5
28330,17
28333,1
48924,1
50596,6
50597,3
35612,16
44327,5
35614,1
262522,1
262521,1
50591,7
43908,1
31319,1
43160,3
8359,23
29614,4
262362,1
11215,1
26426,1
34743,3
47151,2
47156,3
49022,3
34747,1
35297,2
24689,3
35291,2
24684,1
132770,8
24699,20
134077,1
24680,2
51351,10
12513,12
49889,3
28158,11
55430,14
41575,1
50971,1
24445,35
51341,1
198030,2
39255,1
28153,1
262957,2
35728,26
39251,5
61730,1
50115,1
27932,7
197929,2
62151,3
16527,5
16526,5
41571,3
38901,18
9260,5
48999,1
23956,12
48725,1
42520,1
35505,3
51431,6
42526,4
27937,2
42163,3
43724,2
43727,6
56568,1
263443,1
196812,1
262791,1
38924,6
33604,1
50604,10
200036,3
50600,1
51223,8
15389,1
15772,3
44983,1
57449,1
57446,5
49925,2
197437,4
21034,4
3605,35
48082,2
59421,1
197667,1
56707,1
25347,2
55947,3
60395,2
42410,1
16185,2
50045,1
16637,2
42912,2
28885,80
56755,1
21219,40
28668,4
43700,1
201273,4
262706,2
12741,248
262700,6
51645,13
52339,10
11439,1
27338,1
38744,6
43435,2
43434,1
196815,2
51738,1
56361,5
52993,11
197939,1
17451,21
52043,9
52516,4
52041,6
49125,1
53062,7
53061,3
9105,84
53066,1
45951,2
56385,1
52554,1
25248,1
28150,1
201872,2
38819,2
199652,2
42702,3
13585,14
34898,1
42708,1
41871,2
36498,1
12297,69
61954,1
45557,1
52773,1
42091,2
24863,26
11722,1
199091,1
52422,1
53118,1
42261,1
53114,1
52428,1
39011,1
53111,7
43656,2
53094,2
21189,1
199478,4
60919,1
62823,40
199473,1
47193,6
41273,2
41272,2
262779,1
133283,1
49723,1
52605,9
21491,8
21365,4
21496,1
17072,3
49724,7
50450,1
25190,2
56945,3
60770,3
17586,10
52775,1
30407,3
17583,34
200964,1
57388,4
57389,26
9697,7
9694,191
42893,6
56326,1
57383,1
42896,3
42673,1
41019,5
44347,1
44285,12
10299,62
9070,11
45025,11
27884,71
52913,8
27882,2
44289,1
10292,343
49345,1
39651,4
9676,21
49342,14
57949,3
48524,45
16863,1
48291,2
48293,4
9286,1
197498,1
197499,1
57516,1
34315,1
197496,1
39898,1
20960,38
53246,11
53242,4
48149,3
8905,7
18812,3
44600,2
44605,9
44604,2
41124,2
33922,2
33923,7
33924,5
719,23
6677,2
33929,1
263080,1
18678,9
33817,1
24309,117
6848,57
6849,294
197721,1
17917,173
7122,1
48747,16
17911,3
17910,1
38680,38
49902,10
263603,1
38684,169
263604,1
29456,33
49909,3
57830,1
39431,3
45935,3
30838,4
57519,1
57543,5
1668,3
198295,1
49290,1
35719,3
198293,3
30851,4
132540,2
50558,3
30855,6
47895,9
31277,1
4323,5
31275,3
31272,27
53201,1
39401,3
44999,1
41727,11
264516,1
50349,5
39406,1
9698,11
202104,1
202103,3
8781,1
58594,1
59475,3
50633,4
5416,51
5410,27
28037,1
5413,21
14754,144
59559,1
28038,10
31679,2
133680,1
17864,42
34244,1
48470,5
263049,4
13943,1
199536,6
1403,2
29030,14
263041,3
263047,1
29034,2
39039,1
263555,1
263557,1
131706,1
35191,33
263558,3
2609,239
133964,1
5778,1
51501,3
18101,46
197152,1
9845,50
132165,1
9848,4
40473,1
23546,2
44869,1
27659,1
47684,4
61638,3
39315,2
44171,1
27650,3
197800,3
1241,21
262909,1
10429,27
38625,4
56475,1
262958,2
28329,5
3265,2
50244,1
38264,3
52726,3
28812,300
31305,1
35377,1
50466,1
21236,2
19182,79
19180,6
9318,1049
199774,1
47169,14
55714,11
47365,1
3269,820
31094,258
47366,1
262391,3
262393,2
8343,2
28244,2
50241,1
262398,3
8346,67
8345,13
263648,3
132768,4
45287,2
39280,1
43495,1
51438,1
48990,1
12576,4
42825,35
47569,2
51343,3
51433,3
50129,20
24691,1
39229,71
57782,4
52604,1
61708,3
45588,9
55158,1
38310,1
28142,1
55406,3
7418,741
28141,5
28146,13
28929,1
47236,9
47517,1
16532,1
22431,3
25308,4
196863,2
12496,2
8717,17
38917,3
43967,3
198990,1
35573,6
44677,12
43343,1
43733,10
52859,2
56575,2
6594,1
52856,1
39135,9
55652,2
24962,2
50636,1
28538,1
29076,6
51725,1
8431,2
21021,82
47702,4
60548,2
16629,5
25019,116
35401,2
60386,2
38964,3
42469,2
52654,1
61895,1
6858,1
26210,53
200702,3
198906,2
57715,1
50886,2
18318,15
57718,1
12754,6
262775,4
51656,1
43939,43
51655,2
51653,1
43429,2
56373,3
201468,1
43936,4
25490,247
49648,1
62327,1
262838,1
17469,3
49136,3
49641,2
17465,9
12324,1
9443,22
57026,5
9441,5
9116,103
41865,1
56394,1
45361,22
4809,9
25472,23
17665,19
60165,9
18420,1
48278,1
262470,4
262606,1
47262,1
262604,25
262473,1
262600,4
42268,2
4662,59
4663,1
24872,7
52453,5
52455,1
24877,3
42065,5
57155,2
53104,2
262770,1
30902,1
9205,5
54646,1
45235,5
21487,72
10066,37
49732,4
21483,2
58130,1
36874,3
36877,1
12430,46
58134,5
58136,3
45232,2
52678,1
21378,17
23456,3
15127,1
49223,7
20776,4
20771,5
198227,6
43237,1
37457,138
44728,11
55577,405
33139,2
10834,4
197377,1
198317,1
44724,3
33132,1
33130,1
6327,45
196865,1
12175,1
53073,10
42601,1
62943,3
53078,5
43925,1
34305,1
44291,5
199517,1
44293,1
59869,2
196739,6
33481,1
45051,2
198023,1
45053,1
196737,1
45055,4
45054,2
196733,1
52705,1
52704,9
61746,1
36143,1
49824,3
49350,1
52702,5
7005,1
29208,6
52709,2
10113,2
48515,1
44923,4
37054,432
13156,189
132761,3
18391,1
133713,1
17483,16
197481,2
34397,2
18809,202
42116,12
47313,1
28639,2
52761,1
56377,4
6855,23
9119,1
41134,57
6856,18
44478,2
198758,1
701,291
17908,9
45905,1
48176,6
45903,84
58715,14
14615,1
39074,5
11888,83
48179,1
38071,1
58249,2
57849,1
30689,14
34909,1
38679,2
37637,4
29442,1
29443,2
9730,1
263631,10
38673,280
48400,1
196782,1
18240,2
1659,12
44056,12
62674,2
14921,2
44507,21
36992,17
196742,4
132974,1
52079,1
14929,1
35141,57
59914,1
263386,5
6580,2
59443,2
15525,3
263382,3
15527,26
47884,1
31242,13
5645,37
47887,3
8751,5
8752,23
57534,1
49979,1
17871,12
7623,62
12997,2
12998,1
11081,68
49131,10
202177,1
35986,2
41733,30
6874,1
17968,3
47956,14
28009,6
28007,2
58405,13
28005,1
47959,4
197023,1
199619,1
15011,1
5408,2
44489,4
34232,1
196838,1
38203,2
38785,1
1299,2
40285,1
37123,2
34169,1
34168,37
263563,1
263564,5
13977,2
47771,19
34695,3
57901,1
18116,32
202004,3
23089,5
263096,2
263097,2
263098,1
28065,1
9874,3
197129,3
132116,24
9873,20
196936,1
198004,3
50757,1
50751,1
39308,59
11815,1
24515,3
132280,3
5541,2
13124,197
39300,1
38095,10
263416,1
38096,8
263146,1
263411,1
263412,1
38092,4
262945,1
198000,1
8594,18
262946,19
47394,15
47395,11
47397,3
8376,558
8377,1
8374,85
262542,1
31336,3
31334,28
262549,2
23888,21
23889,97
35362,12
132754,41
41028,1
47374,1
262387,19
8571,6
47370,2
132021,1
11232,7
34569,2
47378,1
13802,4
47149,1
12578,20
51408,1
28173,2
46294,1
28171,15
51693,2
36149,4
12570,5
262601,2
51407,30
28775,1
38322,35
50910,1
50911,5
31423,23
262304,1
31420,8
55410,15
39237,3
7403,3
52807,3
51390,6
196688,1
16058,4
56491,4
16054,1
56493,1
8443,25
196808,1
8779,3
262608,1
12618,15
13189,3
61821,1
12615,7
35566,1
262532,2
22689,196
6621,3
26596,3
6702,2
264528,1
43258,16
51711,3
42448,6
52845,2
56542,5
26599,680
8449,4
61152,1
197839,2
23756,1
39125,1
50628,1
61154,11
19429,27
197831,6
60971,2
197833,5
197834,7
46719,1
60552,1
52281,1
19889,1
15093,2
25000,3
61882,2
24671,3
21075,2
62886,1
25008,170
61889,2
21011,1
44244,3
57625,1
8774,3
39345,1
15227,1
42478,1
34364,1
53102,1
60372,1
8788,1
39531,1
12768,31
198935,4
39439,10
262761,3
196994,1
12767,1
264592,1
262767,1
262766,12
9919,31
47175,1
131222,12
44092,2
51669,4
49170,1
197304,6
60673,1
51367,1
60934,1
15658,4
262504,1
134128,1
49103,9
17471,5
49100,21
57526,2
49106,2
198755,1
13368,1
25467,1
39792,4
51863,1
41816,3
17676,33
61979,1
56816,1
199181,2
4474,1
52444,2
56812,2
262615,3
197708,1
262617,18
196983,3
41268,26
28644,3
39434,4
58036,1
262618,1
196989,1
42277,2
43075,2
39799,2
56724,2
34757,11
14709,2
43073,1
133647,7
57864,2
57141,2
49035,1
198277,1
56729,1
49827,1
49743,3
49214,3
49213,1
262215,2
42291,5
36866,10
45595,1294
48612,5
10054,3
41256,1
42298,197
49218,2
201920,1
27781,2
60754,2
22927,1600
51042,1
52662,3
52660,5
52661,1
52666,5
49589,1
49588,8
38547,133
12389,623
58898,11
13370,1
60599,1
21271,1
43205,20
53001,1
53003,2
53005,3
10617,1
53006,738
53009,3
53008,6
42610,6
39279,1
199214,1
42372,1
48506,1
196728,1
45820,24
14117,160
58656,1
58659,34
45043,5
56350,3
52991,1
53081,1
17705,2
58093,1
9657,4
52711,1
9304,147
9658,5
49368,9
34824,1
52718,4
58098,2
38524,1
18875,5
44664,1
60624,1
52503,1
44668,3
11921,2
37455,1
9781,285
42104,3
8968,20
53087,15
197956,2
48181,1
7385,1
48592,2
42109,5
42539,1
6821,176
198327,4
15732,19
15735,3
41106,1
15880,1
6828,402
41109,1
34218,2
48166,6
34916,7
34917,1
45916,97
48161,150
24695,1
34918,23
38067,4
196939,1
12644,5
263629,2
263310,1
1640,1
132960,7
29303,2
51737,2
49963,1
262154,1
263343,1
38661,3
14282,1
23944,5
5690,2
8811,3
18278,2
13036,12
13037,11
28128,1
8819,1
8818,1
44315,1
29492,1
45536,6
60448,2
11090,1
262402,6
8749,9
59457,6
47562,2
132561,1
577,57
38103,7
34351,4
17803,23
62064,2
3168,1
7657,31
17809,40
41743,1
202162,1
15640,13
33874,2
28787,13
5432,16
9689,18
30782,1
29013,4
29544,7
53075,4
12739,1
47218,1
28545,1
28015,32
51197,1
52861,1
42765,1
31655,2
34224,2
38790,1
42530,2
42675,2
37154,1
38794,1
42763,4
50727,1
23520,9
200912,6
35179,3
8100,1
263346,1
262996,4
34170,5
52683,7
47989,1
262997,6
15468,17
15399,3
5550,2
9569,15
51520,4
263086,1
51522,6
48245,2
53959,7
44882,1
26773,1
58504,2
28306,7
28300,40
14420,33
28303,2
50729,3
28308,2
28683,6
49325,1
263151,6
263153,1
31257,12
31250,26
31252,54
34590,5
8580,2
263408,2
8585,108
26827,2
28684,4
34770,2
198185,2
34772,10
201149,1
61369,1
18033,97
48453,1
35311,23
34779,18
47181,1
31321,2
43320,3
15267,6
34577,11
51416,3
14102,1
12543,3
51411,1
262378,1
23184,5
262376,1
262375,15
262373,1
34579,2
28161,10
28162,1
47524,145
28165,1
28166,6
199857,1
61769,2
28169,2
27747,139
197221,2
197223,3
27742,4
31430,6
52873,1
24439,5
28762,2
47742,2
28761,1
7470,6
47586,2
50923,5
21571,1
49478,1
38333,3
55353,7
55352,29
55351,5
56489,2
39010,2
6863,7
6280,3
59713,1
32204,1
52330,1
55600,4
51382,1
18566,19
6639,2
41668,13
11830,515
11556,125
35318,1
35723,1
132142,1
263292,1
51838,1
28512,3
59183,2
22933,1
262288,3
52878,1
49821,2
201069,1
13703,2
262281,1
43714,10
43240,1
11398,3
39445,3
24722,7
56687,1
28378,2
21574,1
16229,1
48882,6
49759,1
35819,3
9889,1
25071,8
43882,1
52279,1
3758,13
43888,1
47165,47
21003,493
52271,2
57603,1
262841,1
262750,2
12772,28
12773,5
58519,5
12779,1
262596,2
262594,2
27364,4
43400,3
131215,18
53145,1
8672,1
197522,3
57279,2
24955,106
263004,1
53172,1
58923,1
51891,1
58142,2
16285,15
48957,8
59793,2
201893,1
31638,2
63128,1
51440,10
199195,23
31724,3
199197,1
9617,3
55824,2
198820,9
16262,1
61988,1
32020,14
25454,24
52381,4
52380,1
52383,2
41809,3
24986,1
25100,6
43660,2
28075,11
43212,1
132684,1
43667,5
43668,1
199667,1
56791,2
31633,1
49029,2
42049,1
57608,8
262517,1
30729,2
63929,1
42590,3
24852,1
199060,2
43068,7
11776,7
63859,8
21351,3
21353,3
42919,3
52651,1
27881,1
9269,46
42916,1
42911,1
52180,1
17488,152
52495,101
60245,1
52491,1
37423,1
60747,2
49847,2
28292,6
262298,1
20750,7
263022,1
13787,1
58889,2
4802,4
16232,13
4804,27
42621,1
4808,335
41937,12
56930,1
45694,8
12392,19
12390,5
41931,9
200064,3
49115,1
57044,2
45455,1
58813,2
57121,1
6306,6
196883,3
262665,1
3226,3
58640,3
20533,2
48574,1
62332,2
42238,1
44277,1
9085,2
12302,26
44270,1
9080,3
27987,18
52722,3
50994,1
27984,52
27983,62
58085,57
9319,561
21599,14
57993,5
40995,10
8393,1
40993,3
196903,3
29226,8
5089,136
49688,1
8953,54
33067,1
133652,2
263259,2
61372,1
133301,1
42131,1
9790,19
9797,2
48101,1
9794,2
198130,2
36522,13
199449,1
264441,1
262653,1
8557,1
59600,4
196660,2
6830,706
15895,95
59607,2
15897,69
264525,5
44416,2
48790,4
12545,1
29314,61
15595,1
14638,67
20853,2
48159,411
29319,8
53176,3
3215,760
3216,115
3217,1
262813,4
3212,6
52982,2
44572,3
197592,2
8416,4
44078,6
44079,1
8821,1
41024,1
41026,1
48089,2
8829,4
52821,2
33662,1
37492,65
13046,5
30868,5
27697,1
8339,2
34368,11
52329,1
18046,6
263369,6
18049,77
8771,36
50543,10
48359,4
263361,2
7643,11
7642,77
35824,1
17816,254
33544,1
12978,111
15659,1
50261,2
28199,2
41750,6
12975,2
14259,34
39435,16
41754,15
44826,2
29553,1
52988,8
29007,6
28573,9352
30798,8
24400,6
58466,19
47975,33
59591,1
45904,1
59594,1
59597,1
45121,1
3165,1
37143,1
47402,8
57774,1
27754,1
34211,2
58243,1
199991,1
45499,1
132137,2
199995,1
5668,1
263155,1
263500,4
53424,3
48106,1
4181,9
31133,6
51543,1
7131,19
5522,4
5523,1
28685,1
27627,10
35894,3
198232,1
18135,1
44894,4
15471,26
11172,6
58514,2
197738,7
38592,7
38778,2
10715,1
28751,10
61931,1
22316,2
53056,20
31222,6
31224,16
7106,1
28339,2
29170,115
47579,1
31359,4
262568,3
35007,4
16301,8
39863,1
262561,6
262560,1
35306,3
262566,8
31357,3
61371,2
51461,4
35760,1
8551,410
262369,2
47359,9
198418,1
51469,5
44265,13
8559,1
25385,3
262363,1
48589,3
30886,2
25607,1
39214,1
5639,650
199849,2
30881,6
262418,1
48964,1
27755,7
28191,15
28190,4
28088,1
28192,1
35768,2
34145,9
3194,1
28208,10
28205,2
50427,1
198367,1
50397,5
263636,1
197064,2
28202,98
