1 1 1 1 1 1
1 1 2 0.997354497354497 1 1
1 1 3 1 1 1
1 1 4 1 1 1
1 1 5 1 1 1
1 1 6 1 1 1
1 1 7 0.997368421052632 1 1
1 1 8 0.992518703241895 1 1
1 1 9 1 1 1
1 1 10 1 1 1
1 1 11 1 1 1
1 1 12 1 1 1
1 1 13 1 1 1
1 2 1 0.0558252427184466 0.117493472584856 0.208
1 2 2 0.0732984293193717 0.114795918367347 0.186700767263427
1 2 3 0.0779220779220779 0.139593908629442 0.199488491048593
1 2 4 0.124338624338624 0.16580310880829 0.232984293193717
1 2 5 0.139275766016713 0.192737430167598 0.524173027989822
1 2 6 0.151595744680851 0.201072386058981 0.282722513089005
1 2 7 0.186842105263158 0.233082706766917 0.327077747989276
1 2 8 0.207253886010363 0.268817204301075 0.366120218579235
1 2 9 0.214492753623188 0.287262872628726 0.3875
1 2 10 0.249322493224932 0.314285714285714 0.3775
1 2 11 0.279569892473118 0.359673024523161 0.427792915531335
1 2 12 0.295121951219512 0.353246753246753 0.422391857506361
1 2 13 0.337662337662338 0.379581151832461 0.428571428571429
1 3 1 0.00909090909090909 0.0217983651226158 0.0437017994858612
1 3 2 0.0209424083769634 0.0304568527918782 0.050131926121372
1 3 3 0.0346666666666667 0.0493150684931507 0.0716253443526171
1 3 4 0.0598958333333333 0.0931506849315069 0.111111111111111
1 3 5 0.0762942779291553 0.103092783505155 0.134770889487871
1 3 6 0.0873239436619718 0.121693121693122 0.156010230179028
1 3 7 0.123324396782842 0.151133501259446 0.18716577540107
1 3 8 0.150134048257373 0.184782608695652 0.215297450424929
1 3 9 0.157754010695187 0.190860215053763 0.241895261845387
1 3 10 0.205555555555556 0.235443037974684 0.287531806615776
1 3 11 0.2 0.246612466124661 0.305785123966942
1 3 12 0.244031830238727 0.273209549071618 0.31758530183727
1 3 13 0.25065274151436 0.287598944591029 0.328165374677003
2 1 1 1 1 1
2 1 2 1 1 1
2 1 5 1 1 1
2 1 10 1 1 1
2 1 20 1 1 1
2 1 50 1 1 1
2 1 100 1 1 1
2 1 200 1 1 1
2 1 500 1 1 1
2 2 1 0.0641711229946524 0.233160621761658 0.62568306010929
2 2 2 0.106849315068493 0.361757105943152 0.771052631578947
2 2 5 0.195431472081218 0.53929539295393 0.8
2 2 10 0.174807197943445 0.50408719346049 0.779329608938548
2 2 20 0.182561307901907 0.462724935732648 0.736842105263158
2 2 50 0.192411924119241 0.466666666666667 0.754617414248021
2 2 100 0.39943342776204 0.59047619047619 0.832432432432432
2 2 200 0.519181585677749 0.747448979591837 0.897360703812317
2 2 500 0.740053050397878 0.840970350404313 0.953079178885631
2 3 1 0 0 0
2 3 2 0 0 0.0026246719160105
2 3 5 0.00251256281407035 0.00826446280991736 0.0337662337662338
2 3 10 0.00259067357512953 0.00785340314136126 0.0373333333333333
2 3 20 0.0103092783505155 0.0224089635854342 0.0567010309278351
2 3 50 0.0365535248041775 0.0716180371352785 0.158567774936061
2 3 100 0.0865139949109415 0.170028818443804 0.268929503916449
2 3 200 0.201101928374656 0.297814207650273 0.46916890080429
2 3 500 0.482233502538071 0.646239554317549 0.785907859078591
3 1 10 1 1 1
3 1 20 1 1 1
3 1 50 1 1 1
3 1 100 1 1 1
3 1 200 1 1 1
3 1 500 1 1 1
3 1 1000 1 1 1
3 1 2000 1 1 1
3 1 5000 1 1 1
3 2 10 0.0446927374301676 0.201474201474201 0.538258575197889
3 2 20 0.0424403183023873 0.169761273209549 0.526717557251908
3 2 50 0.029810298102981 0.164864864864865 0.572178477690289
3 2 100 0.0540540540540541 0.233333333333333 0.568292682926829
3 2 200 0.0441558441558442 0.156410256410256 0.565104166666667
3 2 500 0.0722222222222222 0.241279069767442 0.620947630922693
3 2 1000 0.11830985915493 0.355685131195335 0.720670391061452
3 2 2000 0.125 0.358730158730159 0.641791044776119
3 2 5000 0.30327868852459 0.646825396825397 1
3 3 10 0 0 0
3 3 20 0 0 0
3 3 50 0 0 0
3 3 100 0 0 0.0026246719160105
3 3 200 0 0.00256410256410256 0.0050125313283208
3 3 500 0.00288184438040346 0.00892857142857143 0.0217983651226158
3 3 1000 0.0113636363636364 0.0222841225626741 0.0473372781065089
3 3 2000 0.024390243902439 0.0512048192771084 0.0863095238095238
3 3 5000 0.0693877551020408 0.130434782608696 0.220588235294118
